0002 -999 0001 0000 0000 0000 0000 0000 0002 -999 0002 0001 0001 0002 -999 0001 
-998 0002 0001 0000 0000 0001 0001 0001 0002 -998 0003 0002 -999 0002 0002 0002 
0001 0001 0000 0000 0000 0001 -998 0002 0003 0003 -997 0003 0002 0001 0001 -999 
0000 0000 0000 0000 0001 0003 0005 -997 0004 -998 0003 -999 0001 0000 0001 0001 
0000 0000 0000 0000 0001 -998 -999 -998 -996 0002 0002 0002 0002 0001 0000 0000 
0001 0001 0000 0000 0001 0003 0004 0004 0002 0001 0000 0001 -999 0001 0000 0000 
-999 0001 0001 0001 0001 0001 -999 0002 0001 0001 0000 0001 0001 0001 0000 0000 
0002 0002 0002 -999 0001 0001 0001 0002 -999 0001 0001 0001 0002 0001 0001 0000 
0001 -999 0002 0001 0001 0001 0001 0002 0001 0001 0001 -999 0002 -999 0001 0000 
0001 0001 0001 0000 0000 0001 -999 0001 0000 0000 0001 0001 0002 0002 0002 0001 
0000 0001 0001 0001 0000 0001 0001 0001 0000 0000 0000 0000 0000 0001 -999 0001 
0000 0001 -998 0002 0002 0001 0002 0001 0001 0000 0001 0001 0001 0001 0001 0001 
0000 0001 0002 -999 0002 -999 0004 -998 0004 0002 0002 -999 0001 0000 0000 0000 
0001 0001 0002 0001 0002 0002 -995 -999 -994 -999 0003 0001 0001 0000 0000 0000 
0001 -999 0001 0000 0000 0001 0003 -998 -994 -998 0002 0001 0001 0001 0000 0000 
0001 0001 0001 0000 0000 0000 0001 0002 0003 0002 0001 0001 -999 0001 0000 0000 
